-5.88281 5.25 0.113281 0.1875
-5.76953 5.25 0.113281 0.1875
-5.88281 5.4375 0.113281 0.1875
-5.76953 5.4375 0.113281 0.1875
-5.65625 5.625 0.113281 0.1875
-5.54297 5.625 0.113281 0.1875
-5.65625 5.8125 0.113281 0.1875
-5.54297 5.8125 0.113281 0.1875
-5.42969 5.8125 0.113281 0.1875
-5.31641 5.8125 0.113281 0.1875
-5.42969 6 0.113281 0.1875
-5.31641 6 0.113281 0.1875
-5.42969 6.1875 0.113281 0.1875
-5.31641 6.1875 0.113281 0.1875
-5.20313 6 0.113281 0.1875
-5.08984 6 0.113281 0.1875
-5.20313 6.1875 0.113281 0.1875
-5.08984 6.1875 0.113281 0.1875
-4.97656 6.1875 0.113281 0.1875
-4.86328 6.1875 0.113281 0.1875
-5.20313 6.375 0.113281 0.1875
-5.08984 6.375 0.113281 0.1875
-5.20313 6.5625 0.113281 0.1875
-5.08984 6.5625 0.113281 0.1875
-4.97656 6.375 0.113281 0.1875
-4.86328 6.375 0.113281 0.1875
-4.97656 6.5625 0.113281 0.1875
-4.86328 6.5625 0.113281 0.1875
-4.97656 6.75 0.113281 0.1875
-4.86328 6.75 0.113281 0.1875
-4.97656 6.9375 0.113281 0.1875
-4.86328 6.9375 0.113281 0.1875
-4.75 6.375 0.113281 0.1875
-4.63672 6.375 0.113281 0.1875
-4.75 6.5625 0.113281 0.1875
-4.63672 6.5625 0.113281 0.1875
-4.52344 6.5625 0.113281 0.1875
-4.41016 6.5625 0.113281 0.1875
-4.29688 6.5625 0.113281 0.1875
-4.18359 6.5625 0.113281 0.1875
-4.75 6.9375 0.113281 0.1875
-4.63672 6.9375 0.113281 0.1875
-4.75 7.125 0.113281 0.1875
-4.63672 7.125 0.113281 0.1875
-4.52344 7.125 0.113281 0.1875
-4.41016 7.125 0.113281 0.1875
-4.52344 7.3125 0.113281 0.1875
-4.41016 7.3125 0.113281 0.1875
-4.29688 6.75 0.113281 0.1875
-4.18359 6.75 0.113281 0.1875
-4.07031 6.75 0.113281 0.1875
-3.95703 6.75 0.113281 0.1875
-4.07031 6.9375 0.113281 0.1875
-3.95703 6.9375 0.113281 0.1875
-3.84375 6.9375 0.113281 0.1875
-3.73047 6.9375 0.113281 0.1875
-3.84375 7.125 0.113281 0.1875
-3.73047 7.125 0.113281 0.1875
-3.61719 7.125 0.113281 0.1875
-3.50391 7.125 0.113281 0.1875
-3.39063 7.125 0.113281 0.1875
-3.27734 7.125 0.113281 0.1875
-3.39063 7.3125 0.113281 0.1875
-3.27734 7.3125 0.113281 0.1875
-3.16406 7.3125 0.113281 0.1875
-3.05078 7.3125 0.113281 0.1875
-4.52344 7.5 0.113281 0.1875
-4.41016 7.5 0.113281 0.1875
-4.29688 7.5 0.113281 0.1875
-4.18359 7.5 0.113281 0.1875
-4.29688 7.6875 0.113281 0.1875
-4.18359 7.6875 0.113281 0.1875
-4.07031 7.6875 0.113281 0.1875
-3.95703 7.6875 0.113281 0.1875
-4.07031 7.875 0.113281 0.1875
-3.95703 7.875 0.113281 0.1875
-4.07031 8.0625 0.113281 0.1875
-3.95703 8.0625 0.113281 0.1875
-3.84375 8.0625 0.113281 0.1875
-3.73047 8.0625 0.113281 0.1875
-3.84375 8.25 0.113281 0.1875
-3.73047 8.25 0.113281 0.1875
-3.61719 8.25 0.113281 0.1875
-3.50391 8.25 0.113281 0.1875
-3.61719 8.4375 0.113281 0.1875
-3.50391 8.4375 0.113281 0.1875
-3.39063 8.4375 0.113281 0.1875
-3.27734 8.4375 0.113281 0.1875
-3.39063 8.625 0.113281 0.1875
-3.27734 8.625 0.113281 0.1875
-3.16406 8.625 0.113281 0.1875
-3.05078 8.625 0.113281 0.1875
-3.16406 8.8125 0.113281 0.1875
-3.05078 8.8125 0.113281 0.1875
-2.9375 7.3125 0.113281 0.1875
-2.82422 7.3125 0.113281 0.1875
-2.9375 7.5 0.113281 0.1875
-2.82422 7.5 0.113281 0.1875
-2.71094 7.5 0.113281 0.1875
-2.59766 7.5 0.113281 0.1875
-2.48438 7.5 0.113281 0.1875
-2.37109 7.5 0.113281 0.1875
-2.25781 7.5 0.113281 0.1875
-2.14453 7.5 0.113281 0.1875
-2.25781 7.6875 0.113281 0.1875
-2.14453 7.6875 0.113281 0.1875
-2.9375 8.8125 0.113281 0.1875
-2.82422 8.8125 0.113281 0.1875
-2.03125 7.6875 0.113281 0.1875
-1.91797 7.6875 0.113281 0.1875
-1.80469 7.6875 0.113281 0.1875
-1.69141 7.6875 0.113281 0.1875
-1.57813 7.6875 0.113281 0.1875
-1.46484 7.6875 0.113281 0.1875
-1.57813 7.875 0.113281 0.1875
-1.46484 7.875 0.113281 0.1875
-1.35156 7.875 0.113281 0.1875
-1.23828 7.875 0.113281 0.1875
-2.9375 9 0.113281 0.1875
-2.82422 9 0.113281 0.1875
-2.9375 9.1875 0.113281 0.1875
-2.82422 9.1875 0.113281 0.1875
-2.71094 9.1875 0.113281 0.1875
-2.59766 9.1875 0.113281 0.1875
-2.71094 9.375 0.113281 0.1875
-2.59766 9.375 0.113281 0.1875
-2.48438 9.375 0.113281 0.1875
-2.37109 9.375 0.113281 0.1875
-2.25781 9.375 0.113281 0.1875
-2.14453 9.375 0.113281 0.1875
-2.25781 9.5625 0.113281 0.1875
-2.14453 9.5625 0.113281 0.1875
-2.03125 9.5625 0.113281 0.1875
-1.91797 9.5625 0.113281 0.1875
-2.03125 9.75 0.113281 0.1875
-1.91797 9.75 0.113281 0.1875
-1.80469 9.75 0.113281 0.1875
-1.69141 9.75 0.113281 0.1875
-1.80469 9.9375 0.113281 0.1875
-1.69141 9.9375 0.113281 0.1875
-1.57813 9.9375 0.113281 0.1875
-1.46484 9.9375 0.113281 0.1875
-1.57813 10.125 0.113281 0.1875
-1.46484 10.125 0.113281 0.1875
-1.35156 10.125 0.113281 0.1875
-1.23828 10.125 0.113281 0.1875
-1.35156 10.3125 0.113281 0.1875
-1.23828 10.3125 0.113281 0.1875
-1.125 7.875 0.113281 0.1875
-1.01172 7.875 0.113281 0.1875
-0.898438 7.875 0.113281 0.1875
-0.785156 7.875 0.113281 0.1875
-0.671875 7.875 0.113281 0.1875
-0.558594 7.875 0.113281 0.1875
-0.445313 7.875 0.113281 0.1875
-0.332031 7.875 0.113281 0.1875
-0.21875 7.875 0.113281 0.1875
-0.105469 7.875 0.113281 0.1875
0.0078125 7.875 0.113281 0.1875
0.121094 7.875 0.113281 0.1875
0.234375 7.875 0.113281 0.1875
0.347656 7.875 0.113281 0.1875
0.460938 7.875 0.113281 0.1875
0.574219 7.875 0.113281 0.1875
0.6875 7.875 0.113281 0.1875
0.800781 7.875 0.113281 0.1875
0.914063 7.875 0.113281 0.1875
1.02734 7.875 0.113281 0.1875
1.36719 7.6875 0.113281 0.1875
1.48047 7.6875 0.113281 0.1875
1.14063 7.875 0.113281 0.1875
1.25391 7.875 0.113281 0.1875
1.36719 7.875 0.113281 0.1875
1.48047 7.875 0.113281 0.1875
1.59375 7.6875 0.113281 0.1875
1.70703 7.6875 0.113281 0.1875
1.82031 7.6875 0.113281 0.1875
1.93359 7.6875 0.113281 0.1875
2.04688 7.5 0.113281 0.1875
2.16016 7.5 0.113281 0.1875
2.04688 7.6875 0.113281 0.1875
2.16016 7.6875 0.113281 0.1875
2.27344 7.5 0.113281 0.1875
2.38672 7.5 0.113281 0.1875
-1.125 10.3125 0.113281 0.1875
-1.01172 10.3125 0.113281 0.1875
-0.898438 10.3125 0.113281 0.1875
-0.785156 10.3125 0.113281 0.1875
-0.898438 10.5 0.113281 0.1875
-0.785156 10.5 0.113281 0.1875
-0.671875 10.5 0.113281 0.1875
-0.558594 10.5 0.113281 0.1875
-0.671875 10.6875 0.113281 0.1875
-0.558594 10.6875 0.113281 0.1875
-0.445313 10.6875 0.113281 0.1875
-0.332031 10.6875 0.113281 0.1875
-0.21875 10.6875 0.113281 0.1875
-0.105469 10.6875 0.113281 0.1875
-0.21875 10.875 0.113281 0.1875
-0.105469 10.875 0.113281 0.1875
0.0078125 10.875 0.113281 0.1875
0.121094 10.875 0.113281 0.1875
0.234375 10.875 0.113281 0.1875
0.347656 10.875 0.113281 0.1875
0.234375 11.0625 0.113281 0.1875
0.347656 11.0625 0.113281 0.1875
0.460938 11.0625 0.113281 0.1875
0.574219 11.0625 0.113281 0.1875
0.6875 11.0625 0.113281 0.1875
0.800781 11.0625 0.113281 0.1875
0.6875 11.25 0.113281 0.1875
0.800781 11.25 0.113281 0.1875
0.914063 11.25 0.113281 0.1875
1.02734 11.25 0.113281 0.1875
1.14063 11.25 0.113281 0.1875
1.25391 11.25 0.113281 0.1875
1.36719 11.25 0.113281 0.1875
1.48047 11.25 0.113281 0.1875
1.36719 11.4375 0.113281 0.1875
1.48047 11.4375 0.113281 0.1875
1.59375 11.4375 0.113281 0.1875
1.70703 11.4375 0.113281 0.1875
1.82031 11.4375 0.113281 0.1875
1.93359 11.4375 0.113281 0.1875
1.82031 11.625 0.113281 0.1875
1.93359 11.625 0.113281 0.1875
2.04688 11.625 0.113281 0.1875
2.16016 11.625 0.113281 0.1875
2.27344 11.625 0.113281 0.1875
2.38672 11.625 0.113281 0.1875
2.5 7.5 0.113281 0.1875
2.61328 7.5 0.113281 0.1875
2.72656 7.5 0.113281 0.1875
2.83984 7.5 0.113281 0.1875
2.72656 7.6875 0.113281 0.1875
2.83984 7.6875 0.113281 0.1875
2.95313 7.6875 0.113281 0.1875
3.06641 7.6875 0.113281 0.1875
3.17969 7.6875 0.113281 0.1875
3.29297 7.6875 0.113281 0.1875
3.40625 7.6875 0.113281 0.1875
3.51953 7.6875 0.113281 0.1875
3.40625 7.875 0.113281 0.1875
3.51953 7.875 0.113281 0.1875
3.63281 7.875 0.113281 0.1875
3.74609 7.875 0.113281 0.1875
3.85938 7.875 0.113281 0.1875
3.97266 7.875 0.113281 0.1875
4.08594 7.875 0.113281 0.1875
4.19922 7.875 0.113281 0.1875
4.3125 7.875 0.113281 0.1875
4.42578 7.875 0.113281 0.1875
4.53906 7.875 0.113281 0.1875
4.65234 7.875 0.113281 0.1875
4.76563 7.875 0.113281 0.1875
4.87891 7.875 0.113281 0.1875
4.99219 7.875 0.113281 0.1875
5.10547 7.875 0.113281 0.1875
5.21875 7.875 0.113281 0.1875
5.33203 7.875 0.113281 0.1875
5.44531 7.875 0.113281 0.1875
5.55859 7.875 0.113281 0.1875
5.67188 7.875 0.113281 0.1875
5.78516 7.875 0.113281 0.1875
5.89844 7.875 0.113281 0.1875
6.01172 7.875 0.113281 0.1875
2.5 11.625 0.113281 0.1875
2.61328 11.625 0.113281 0.1875
2.72656 11.625 0.113281 0.1875
2.83984 11.625 0.113281 0.1875
2.95313 11.4375 0.113281 0.1875
3.06641 11.4375 0.113281 0.1875
3.17969 11.4375 0.113281 0.1875
3.29297 11.4375 0.113281 0.1875
2.95313 11.625 0.113281 0.1875
3.06641 11.625 0.113281 0.1875
4.08594 11.0625 0.113281 0.1875
4.19922 11.0625 0.113281 0.1875
3.40625 11.25 0.113281 0.1875
3.51953 11.25 0.113281 0.1875
3.40625 11.4375 0.113281 0.1875
3.51953 11.4375 0.113281 0.1875
3.63281 11.25 0.113281 0.1875
3.74609 11.25 0.113281 0.1875
3.85938 11.25 0.113281 0.1875
3.97266 11.25 0.113281 0.1875
4.08594 11.25 0.113281 0.1875
4.19922 11.25 0.113281 0.1875
5.67188 10.3125 0.113281 0.1875
5.78516 10.3125 0.113281 0.1875
5.89844 10.3125 0.113281 0.1875
6.01172 10.3125 0.113281 0.1875
4.3125 11.0625 0.113281 0.1875
4.42578 11.0625 0.113281 0.1875
4.53906 10.875 0.113281 0.1875
4.65234 10.875 0.113281 0.1875
4.53906 11.0625 0.113281 0.1875
4.65234 11.0625 0.113281 0.1875
4.99219 10.6875 0.113281 0.1875
5.10547 10.6875 0.113281 0.1875
4.76563 10.875 0.113281 0.1875
4.87891 10.875 0.113281 0.1875
4.99219 10.875 0.113281 0.1875
5.10547 10.875 0.113281 0.1875
5.21875 10.6875 0.113281 0.1875
5.33203 10.6875 0.113281 0.1875
5.44531 10.5 0.113281 0.1875
5.55859 10.5 0.113281 0.1875
5.44531 10.6875 0.113281 0.1875
5.55859 10.6875 0.113281 0.1875
5.67188 10.5 0.113281 0.1875
5.78516 10.5 0.113281 0.1875
7.71094 7.3125 0.113281 0.1875
7.82422 7.3125 0.113281 0.1875
6.35156 7.6875 0.113281 0.1875
6.46484 7.6875 0.113281 0.1875
6.125 7.875 0.113281 0.1875
6.23828 7.875 0.113281 0.1875
6.35156 7.875 0.113281 0.1875
6.46484 7.875 0.113281 0.1875
6.57813 7.6875 0.113281 0.1875
6.69141 7.6875 0.113281 0.1875
6.80469 7.6875 0.113281 0.1875
6.91797 7.6875 0.113281 0.1875
7.03125 7.5 0.113281 0.1875
7.14453 7.5 0.113281 0.1875
7.03125 7.6875 0.113281 0.1875
7.14453 7.6875 0.113281 0.1875
7.25781 7.5 0.113281 0.1875
7.37109 7.5 0.113281 0.1875
7.48438 7.5 0.113281 0.1875
7.59766 7.5 0.113281 0.1875
7.71094 7.5 0.113281 0.1875
7.82422 7.5 0.113281 0.1875
7.71094 8.8125 0.113281 0.1875
7.82422 8.8125 0.113281 0.1875
7.9375 7.3125 0.113281 0.1875
8.05078 7.3125 0.113281 0.1875
8.16406 7.125 0.113281 0.1875
8.27734 7.125 0.113281 0.1875
8.16406 7.3125 0.113281 0.1875
8.27734 7.3125 0.113281 0.1875
8.61719 6.9375 0.113281 0.1875
8.73047 6.9375 0.113281 0.1875
8.39063 7.125 0.113281 0.1875
8.50391 7.125 0.113281 0.1875
8.61719 7.125 0.113281 0.1875
8.73047 7.125 0.113281 0.1875
9.07031 6.5625 0.113281 0.1875
9.18359 6.5625 0.113281 0.1875
9.29688 6.5625 0.113281 0.1875
9.41016 6.5625 0.113281 0.1875
9.52344 6.375 0.113281 0.1875
9.63672 6.375 0.113281 0.1875
9.52344 6.5625 0.113281 0.1875
9.63672 6.5625 0.113281 0.1875
8.84375 6.75 0.113281 0.1875
8.95703 6.75 0.113281 0.1875
8.84375 6.9375 0.113281 0.1875
8.95703 6.9375 0.113281 0.1875
9.07031 6.75 0.113281 0.1875
9.18359 6.75 0.113281 0.1875
9.52344 6.9375 0.113281 0.1875
9.63672 6.9375 0.113281 0.1875
9.29688 7.125 0.113281 0.1875
9.41016 7.125 0.113281 0.1875
9.29688 7.3125 0.113281 0.1875
9.41016 7.3125 0.113281 0.1875
9.52344 7.125 0.113281 0.1875
9.63672 7.125 0.113281 0.1875
8.61719 8.0625 0.113281 0.1875
8.73047 8.0625 0.113281 0.1875
8.16406 8.4375 0.113281 0.1875
8.27734 8.4375 0.113281 0.1875
7.9375 8.625 0.113281 0.1875
8.05078 8.625 0.113281 0.1875
7.9375 8.8125 0.113281 0.1875
8.05078 8.8125 0.113281 0.1875
8.16406 8.625 0.113281 0.1875
8.27734 8.625 0.113281 0.1875
8.39063 8.25 0.113281 0.1875
8.50391 8.25 0.113281 0.1875
8.39063 8.4375 0.113281 0.1875
8.50391 8.4375 0.113281 0.1875
8.61719 8.25 0.113281 0.1875
8.73047 8.25 0.113281 0.1875
8.84375 7.6875 0.113281 0.1875
8.95703 7.6875 0.113281 0.1875
9.07031 7.5 0.113281 0.1875
9.18359 7.5 0.113281 0.1875
9.07031 7.6875 0.113281 0.1875
9.18359 7.6875 0.113281 0.1875
8.84375 7.875 0.113281 0.1875
8.95703 7.875 0.113281 0.1875
8.84375 8.0625 0.113281 0.1875
8.95703 8.0625 0.113281 0.1875
9.29688 7.5 0.113281 0.1875
9.41016 7.5 0.113281 0.1875
6.80469 9.5625 0.113281 0.1875
6.91797 9.5625 0.113281 0.1875
6.35156 9.9375 0.113281 0.1875
6.46484 9.9375 0.113281 0.1875
6.125 10.125 0.113281 0.1875
6.23828 10.125 0.113281 0.1875
6.125 10.3125 0.113281 0.1875
6.23828 10.3125 0.113281 0.1875
6.35156 10.125 0.113281 0.1875
6.46484 10.125 0.113281 0.1875
6.57813 9.75 0.113281 0.1875
6.69141 9.75 0.113281 0.1875
6.57813 9.9375 0.113281 0.1875
6.69141 9.9375 0.113281 0.1875
6.80469 9.75 0.113281 0.1875
6.91797 9.75 0.113281 0.1875
7.03125 9.375 0.113281 0.1875
7.14453 9.375 0.113281 0.1875
7.03125 9.5625 0.113281 0.1875
7.14453 9.5625 0.113281 0.1875
7.25781 9.375 0.113281 0.1875
7.37109 9.375 0.113281 0.1875
7.48438 9.1875 0.113281 0.1875
7.59766 9.1875 0.113281 0.1875
7.71094 9 0.113281 0.1875
7.82422 9 0.113281 0.1875
7.71094 9.1875 0.113281 0.1875
7.82422 9.1875 0.113281 0.1875
7.48438 9.375 0.113281 0.1875
7.59766 9.375 0.113281 0.1875
10.2031 5.8125 0.113281 0.1875
10.3164 5.8125 0.113281 0.1875
10.4297 5.625 0.113281 0.1875
10.543 5.625 0.113281 0.1875
10.4297 5.8125 0.113281 0.1875
10.543 5.8125 0.113281 0.1875
10.6563 5.25 0.113281 0.1875
10.7695 5.25 0.113281 0.1875
10.6563 5.4375 0.113281 0.1875
10.7695 5.4375 0.113281 0.1875
9.75 6.1875 0.113281 0.1875
9.86328 6.1875 0.113281 0.1875
9.97656 6 0.113281 0.1875
10.0898 6 0.113281 0.1875
9.97656 6.1875 0.113281 0.1875
10.0898 6.1875 0.113281 0.1875
9.75 6.375 0.113281 0.1875
9.86328 6.375 0.113281 0.1875
9.75 6.5625 0.113281 0.1875
9.86328 6.5625 0.113281 0.1875
9.97656 6.375 0.113281 0.1875
10.0898 6.375 0.113281 0.1875
9.97656 6.5625 0.113281 0.1875
10.0898 6.5625 0.113281 0.1875
10.2031 6 0.113281 0.1875
10.3164 6 0.113281 0.1875
10.2031 6.1875 0.113281 0.1875
10.3164 6.1875 0.113281 0.1875
9.75 6.75 0.113281 0.1875
9.86328 6.75 0.113281 0.1875
9.75 6.9375 0.113281 0.1875
9.86328 6.9375 0.113281 0.1875
