-4.75 0 7.25 6
2.5 0 7.25 6
-12 0 3.625 6
-12 6 3.625 6
13.375 0 3.625 6
13.375 6 3.625 6
-8.375 9 3.625 3
9.75 9 3.625 3
-6.5625 0 1.8125 3
-8.375 6 1.8125 3
-4.75 9 1.8125 3
7.9375 9 1.8125 3
9.75 0 1.8125 3
11.5625 6 1.8125 3
-8.375 4.5 1.8125 1.5
-6.5625 3 1.8125 1.5
-6.5625 7.5 1.8125 1.5
-2.9375 10.5 1.8125 1.5
-1.125 6 1.8125 1.5
0.6875 6 1.8125 1.5
2.5 6 1.8125 1.5
4.3125 6 1.8125 1.5
6.125 10.5 1.8125 1.5
9.75 3 1.8125 1.5
11.5625 4.5 1.8125 1.5
9.75 7.5 1.8125 1.5
-8.375 0 0.90625 1.5
-7.46875 0 0.90625 1.5
-8.375 1.5 0.90625 1.5
-8.375 3 0.90625 1.5
-6.5625 6 0.90625 1.5
-2.03125 6 0.90625 1.5
6.125 6 0.90625 1.5
11.5625 0 0.90625 1.5
12.4688 0 0.90625 1.5
12.4688 1.5 0.90625 1.5
12.4688 3 0.90625 1.5
10.6563 6 0.90625 1.5
-7.46875 1.5 0.90625 0.75
-7.46875 3.75 0.90625 0.75
-5.65625 4.5 0.90625 0.75
-3.84375 6 0.90625 0.75
-4.75 8.25 0.90625 0.75
-2.9375 6 0.90625 0.75
-2.9375 9.75 0.90625 0.75
-1.125 11.25 0.90625 0.75
-0.21875 11.25 0.90625 0.75
4.3125 11.25 0.90625 0.75
5.21875 11.25 0.90625 0.75
7.03125 6 0.90625 0.75
7.9375 6 0.90625 0.75
8.84375 8.25 0.90625 0.75
7.03125 9.75 0.90625 0.75
11.5625 1.5 0.90625 0.75
9.75 4.5 0.90625 0.75
11.5625 3.75 0.90625 0.75
-7.46875 2.25 0.453125 0.75
-7.01563 2.25 0.453125 0.75
-7.46875 3 0.453125 0.75
-7.01563 3 0.453125 0.75
-6.5625 5.25 0.453125 0.75
-5.20313 5.25 0.453125 0.75
-5.65625 6.75 0.453125 0.75
-2.48438 6.75 0.453125 0.75
7.03125 6.75 0.453125 0.75
11.5625 2.25 0.453125 0.75
12.0156 2.25 0.453125 0.75
9.75 5.25 0.453125 0.75
11.1094 5.25 0.453125 0.75
11.5625 3 0.453125 0.75
12.0156 3 0.453125 0.75
10.2031 6.75 0.453125 0.75
-6.5625 4.875 0.453125 0.375
-6.10938 4.5 0.453125 0.375
-6.10938 5.625 0.453125 0.375
-5.65625 5.25 0.453125 0.375
-5.65625 6.375 0.453125 0.375
-5.20313 7.125 0.453125 0.375
-4.75 6 0.453125 0.375
-4.29688 6 0.453125 0.375
-3.39063 6.75 0.453125 0.375
-4.75 7.875 0.453125 0.375
-3.84375 8.625 0.453125 0.375
-2.9375 6.75 0.453125 0.375
-2.03125 10.125 0.453125 0.375
-1.125 7.5 0.453125 0.375
-0.671875 7.5 0.453125 0.375
-0.21875 7.5 0.453125 0.375
0.234375 7.5 0.453125 0.375
0.6875 7.5 0.453125 0.375
-1.125 10.875 0.453125 0.375
-0.671875 10.875 0.453125 0.375
0.6875 11.625 0.453125 0.375
1.14063 11.625 0.453125 0.375
3.85938 7.5 0.453125 0.375
4.3125 7.5 0.453125 0.375
4.76563 7.5 0.453125 0.375
5.21875 7.5 0.453125 0.375
5.67188 7.5 0.453125 0.375
3.40625 11.625 0.453125 0.375
3.85938 11.625 0.453125 0.375
5.21875 10.875 0.453125 0.375
5.67188 10.875 0.453125 0.375
7.48438 6.75 0.453125 0.375
7.9375 6.75 0.453125 0.375
8.84375 6 0.453125 0.375
9.29688 6 0.453125 0.375
8.39063 8.625 0.453125 0.375
9.29688 7.875 0.453125 0.375
6.57813 10.125 0.453125 0.375
10.2031 5.25 0.453125 0.375
10.6563 4.5 0.453125 0.375
11.1094 4.875 0.453125 0.375
10.6563 5.625 0.453125 0.375
10.2031 6.375 0.453125 0.375
9.75 7.125 0.453125 0.375
-6.5625 4.5 0.226563 0.375
-6.33594 4.5 0.226563 0.375
-5.88281 4.875 0.226563 0.375
-6.10938 5.25 0.226563 0.375
-5.65625 6 0.226563 0.375
-5.20313 6.75 0.226563 0.375
-4.07031 6.375 0.226563 0.375
-3.61719 6.75 0.226563 0.375
-4.75 7.5 0.226563 0.375
-4.29688 7.875 0.226563 0.375
-2.71094 7.125 0.226563 0.375
-1.35156 7.5 0.226563 0.375
-2.9375 9.375 0.226563 0.375
1.14063 7.5 0.226563 0.375
-1.125 10.5 0.226563 0.375
1.59375 11.625 0.226563 0.375
3.63281 7.5 0.226563 0.375
3.17969 11.625 0.226563 0.375
5.89844 10.5 0.226563 0.375
7.48438 7.125 0.226563 0.375
6.125 7.5 0.226563 0.375
8.39063 6.75 0.226563 0.375
8.84375 6.375 0.226563 0.375
9.07031 7.875 0.226563 0.375
9.52344 7.5 0.226563 0.375
7.71094 9.375 0.226563 0.375
10.6563 4.875 0.226563 0.375
11.1094 4.5 0.226563 0.375
11.3359 4.5 0.226563 0.375
10.8828 5.25 0.226563 0.375
10.4297 6 0.226563 0.375
9.97656 6.75 0.226563 0.375
-6.10938 4.875 0.226563 0.1875
-6.10938 5.0625 0.226563 0.1875
-5.42969 5.625 0.226563 0.1875
-4.97656 6 0.226563 0.1875
-4.52344 6.375 0.226563 0.1875
-4.29688 6.375 0.226563 0.1875
-4.75 7.3125 0.226563 0.1875
-3.84375 6.75 0.226563 0.1875
-3.16406 7.125 0.226563 0.1875
-4.52344 7.6875 0.226563 0.1875
-3.84375 8.4375 0.226563 0.1875
-3.39063 8.8125 0.226563 0.1875
-2.9375 7.125 0.226563 0.1875
-2.03125 7.5 0.226563 0.1875
-1.80469 7.5 0.226563 0.1875
-1.57813 7.5 0.226563 0.1875
-2.71094 9.5625 0.226563 0.1875
-2.48438 9.5625 0.226563 0.1875
-2.03125 9.9375 0.226563 0.1875
-1.57813 10.3125 0.226563 0.1875
1.36719 7.5 0.226563 0.1875
1.59375 7.5 0.226563 0.1875
1.82031 7.5 0.226563 0.1875
-0.898438 10.6875 0.226563 0.1875
-0.21875 11.0625 0.226563 0.1875
0.0078125 11.0625 0.226563 0.1875
0.6875 11.4375 0.226563 0.1875
0.914063 11.4375 0.226563 0.1875
1.14063 11.4375 0.226563 0.1875
1.82031 11.8125 0.226563 0.1875
2.04688 11.8125 0.226563 0.1875
2.27344 11.8125 0.226563 0.1875
2.95313 7.5 0.226563 0.1875
3.17969 7.5 0.226563 0.1875
3.40625 7.5 0.226563 0.1875
2.5 11.8125 0.226563 0.1875
2.72656 11.8125 0.226563 0.1875
2.95313 11.8125 0.226563 0.1875
3.63281 11.4375 0.226563 0.1875
3.85938 11.4375 0.226563 0.1875
4.08594 11.4375 0.226563 0.1875
4.76563 11.0625 0.226563 0.1875
4.99219 11.0625 0.226563 0.1875
5.67188 10.6875 0.226563 0.1875
7.71094 7.125 0.226563 0.1875
6.35156 7.5 0.226563 0.1875
6.57813 7.5 0.226563 0.1875
6.80469 7.5 0.226563 0.1875
7.9375 7.125 0.226563 0.1875
8.61719 6.75 0.226563 0.1875
9.07031 6.375 0.226563 0.1875
9.29688 6.375 0.226563 0.1875
9.52344 7.3125 0.226563 0.1875
8.16406 8.8125 0.226563 0.1875
8.61719 8.4375 0.226563 0.1875
9.29688 7.6875 0.226563 0.1875
6.35156 10.3125 0.226563 0.1875
6.80469 9.9375 0.226563 0.1875
7.25781 9.5625 0.226563 0.1875
7.48438 9.5625 0.226563 0.1875
10.2031 5.625 0.226563 0.1875
10.8828 4.875 0.226563 0.1875
10.8828 5.0625 0.226563 0.1875
9.75 6 0.226563 0.1875
