0.6875 9 1.8125 1.5
2.5 9 1.8125 1.5
-0.21875 9 0.90625 1.5
4.3125 9 0.90625 1.5
-2.03125 8.25 0.90625 0.75
-1.125 8.25 0.90625 0.75
-0.21875 8.25 0.90625 0.75
0.6875 8.25 0.90625 0.75
1.59375 8.25 0.90625 0.75
-1.125 9 0.90625 0.75
1.59375 10.5 0.90625 0.75
2.5 8.25 0.90625 0.75
3.40625 8.25 0.90625 0.75
4.3125 8.25 0.90625 0.75
5.21875 8.25 0.90625 0.75
2.5 10.5 0.90625 0.75
5.21875 9 0.90625 0.75
6.125 8.25 0.90625 0.75
-3.39063 7.5 0.453125 0.75
-2.48438 8.25 0.453125 0.75
-1.57813 9 0.453125 0.75
-0.671875 9.75 0.453125 0.75
1.14063 10.5 0.453125 0.75
3.40625 10.5 0.453125 0.75
5.21875 9.75 0.453125 0.75
7.03125 8.25 0.453125 0.75
7.9375 7.5 0.453125 0.75
6.125 9 0.453125 0.75
-4.29688 7.125 0.453125 0.375
-3.84375 7.5 0.453125 0.375
-2.9375 7.875 0.453125 0.375
-2.48438 7.875 0.453125 0.375
-2.9375 8.25 0.453125 0.375
-2.03125 7.875 0.453125 0.375
-2.48438 9 0.453125 0.375
-2.03125 9 0.453125 0.375
1.59375 7.875 0.453125 0.375
2.04688 7.875 0.453125 0.375
-1.125 9.75 0.453125 0.375
0.234375 10.5 0.453125 0.375
0.6875 10.5 0.453125 0.375
2.04688 11.25 0.453125 0.375
2.5 7.875 0.453125 0.375
2.95313 7.875 0.453125 0.375
2.5 11.25 0.453125 0.375
3.85938 10.5 0.453125 0.375
5.67188 9.75 0.453125 0.375
4.3125 10.5 0.453125 0.375
6.57813 7.875 0.453125 0.375
7.03125 7.875 0.453125 0.375
7.48438 7.875 0.453125 0.375
7.48438 8.25 0.453125 0.375
8.84375 7.125 0.453125 0.375
8.39063 7.5 0.453125 0.375
6.57813 9 0.453125 0.375
7.03125 9 0.453125 0.375
-4.52344 6.75 0.226563 0.375
-3.61719 7.875 0.226563 0.375
-3.16406 8.25 0.226563 0.375
-2.71094 8.625 0.226563 0.375
-1.80469 9.375 0.226563 0.375
-1.35156 9.75 0.226563 0.375
0.0078125 10.5 0.226563 0.375
0.914063 10.875 0.226563 0.375
3.85938 10.875 0.226563 0.375
4.76563 10.5 0.226563 0.375
7.48438 8.625 0.226563 0.375
9.29688 6.75 0.226563 0.375
8.39063 7.875 0.226563 0.375
7.9375 8.25 0.226563 0.375
6.57813 9.375 0.226563 0.375
6.125 9.75 0.226563 0.375
-4.75 6.75 0.226563 0.1875
-4.29688 6.9375 0.226563 0.1875
-3.84375 7.3125 0.226563 0.1875
-3.61719 7.3125 0.226563 0.1875
-4.07031 7.5 0.226563 0.1875
-3.84375 7.875 0.226563 0.1875
-3.39063 8.25 0.226563 0.1875
-2.9375 7.6875 0.226563 0.1875
-2.71094 7.6875 0.226563 0.1875
-2.48438 7.6875 0.226563 0.1875
-2.9375 8.625 0.226563 0.1875
-1.57813 8.0625 0.226563 0.1875
-1.35156 8.0625 0.226563 0.1875
-2.71094 9 0.226563 0.1875
-2.03125 9.375 0.226563 0.1875
-1.57813 9.75 0.226563 0.1875
-1.125 8.0625 0.226563 0.1875
-0.898438 8.0625 0.226563 0.1875
-0.671875 8.0625 0.226563 0.1875
-0.445313 8.0625 0.226563 0.1875
-0.21875 8.0625 0.226563 0.1875
0.0078125 8.0625 0.226563 0.1875
0.234375 8.0625 0.226563 0.1875
0.460938 8.0625 0.226563 0.1875
0.6875 8.0625 0.226563 0.1875
0.914063 8.0625 0.226563 0.1875
1.14063 8.0625 0.226563 0.1875
1.36719 8.0625 0.226563 0.1875
2.27344 7.6875 0.226563 0.1875
-1.125 10.125 0.226563 0.1875
-0.898438 10.125 0.226563 0.1875
-0.445313 10.5 0.226563 0.1875
-0.21875 10.5 0.226563 0.1875
0.460938 10.875 0.226563 0.1875
0.6875 10.875 0.226563 0.1875
1.59375 11.25 0.226563 0.1875
1.82031 11.25 0.226563 0.1875
2.5 7.6875 0.226563 0.1875
3.40625 8.0625 0.226563 0.1875
3.63281 8.0625 0.226563 0.1875
3.85938 8.0625 0.226563 0.1875
4.08594 8.0625 0.226563 0.1875
4.3125 8.0625 0.226563 0.1875
4.53906 8.0625 0.226563 0.1875
4.76563 8.0625 0.226563 0.1875
4.99219 8.0625 0.226563 0.1875
5.21875 8.0625 0.226563 0.1875
5.44531 8.0625 0.226563 0.1875
5.67188 8.0625 0.226563 0.1875
5.89844 8.0625 0.226563 0.1875
2.95313 11.25 0.226563 0.1875
3.17969 11.25 0.226563 0.1875
4.08594 10.875 0.226563 0.1875
5.67188 10.125 0.226563 0.1875
5.89844 10.125 0.226563 0.1875
4.3125 10.875 0.226563 0.1875
4.99219 10.5 0.226563 0.1875
5.21875 10.5 0.226563 0.1875
6.125 8.0625 0.226563 0.1875
6.35156 8.0625 0.226563 0.1875
7.25781 7.6875 0.226563 0.1875
7.48438 7.6875 0.226563 0.1875
7.71094 7.6875 0.226563 0.1875
7.71094 8.625 0.226563 0.1875
8.39063 7.3125 0.226563 0.1875
8.61719 7.3125 0.226563 0.1875
9.07031 6.9375 0.226563 0.1875
9.52344 6.75 0.226563 0.1875
8.61719 7.875 0.226563 0.1875
8.16406 8.25 0.226563 0.1875
8.84375 7.5 0.226563 0.1875
6.80469 9.375 0.226563 0.1875
6.35156 9.75 0.226563 0.1875
7.48438 9 0.226563 0.1875
